10 10
11 10
12 10
13 11
14 11
15 12
16 12
17 13
18 13
19 14
20 14
21 15
22 15
23 16
24 16
25 17
26 17
27 17
28 18
29 18
30 19
31 19
32 20
33 20
34 21
35 21
36 22
37 22
38 23
39 23
40 24
32 50
32 49
32 48
32 47
32 46
32 45
32 44
32 43
32 42
32 41
32 40
32 39
32 38
32 37
32 36
32 35
32 34
32 33
32 32
32 31
32 30
32 29
32 28
32 27
32 26
32 25
32 24
32 23
32 22
32 21
32 20
32 19
32 18
32 17
32 16
32 15
32 14
32 13
32 12
32 11
32 10
6 88
7 87
8 87
9 87
10 86
11 86
12 86
13 85
14 85
15 85
16 84
17 84
18 84
19 84
20 83
21 83
22 83
23 82
24 82
25 82
26 81
27 81
28 81
29 80
30 80
31 80
32 80
33 79
34 79
35 79
36 78
37 78
38 78
39 77
40 77
41 77
42 76
43 76
44 76
45 76
46 75
47 75
48 75
49 74
50 74
51 74
52 73
53 73
54 73
55 72
56 72
57 72
58 72
45 40
46 40
47 41
48 41
49 42
50 42
51 43
52 43
53 44
54 45
55 45
56 46
57 46
58 47
59 47
60 48
61 48
62 49
63 50
64 50
65 51
66 51
67 52
68 52
69 53
70 53
71 54
72 55
73 55
74 56
75 56
76 57
77 57
78 58
79 58
80 59
81 60
40 60
41 58
42 57
43 56
44 55
45 53
46 52
47 51
48 50
49 48
50 47
51 46
52 45
53 43
54 42
55 41
56 40
57 38
58 37
59 36
60 35
